num_layers: 4
Layer Sizes: 1, 10, 10, 1
Activations: 2, 2, 2
Loss Function: 0

Weights:
[
-0.868824
-0.067455
-0.172929
0.078441
0.603101
1.877890
-0.210920
-0.495881
-0.191939
-0.461531
]
[
-1.041681
0.868262
1.678385
-1.263911
1.134464
0.191265
2.706727
1.968262
2.466515
0.107291
-0.487238
0.123270
0.659536
0.882604
0.873524
-0.561788
0.197407
-0.406020
2.185132
0.658886
0.255300
-0.541854
-0.977495
0.925534
0.064107
-0.871427
2.162736
1.602863
-1.724338
-0.628797
0.006128
-0.236745
-0.455913
1.013731
-0.710560
0.616141
-0.162121
0.054577
0.300523
0.865080
1.152827
-0.819918
-0.816749
-0.148224
2.199437
1.592419
0.114167
0.904333
1.442574
-0.275170
0.891184
0.103353
-0.799239
-0.038588
0.441295
-0.424703
0.625767
0.857973
0.812477
-0.505649
0.109930
1.733173
-1.212501
-0.002304
2.323235
1.104694
-1.272466
-2.048439
2.104903
0.979564
-0.051832
0.132294
-0.758311
2.215678
0.124329
1.579033
0.428034
-0.481429
-0.548051
1.182001
0.491119
-0.659890
0.083612
-1.473318
-0.613487
-0.114634
-0.579159
0.901196
-1.144825
2.197969
-0.648912
-1.112368
3.392783
0.483756
-0.257988
-0.715609
-0.160503
1.203444
-1.145235
2.994345
]
[
-0.678106
0.771611
0.628523
0.995056
-0.154794
0.121341
0.269782
-0.697491
-0.619257
-0.473125
]

Biases:
[
-0.115663
0.447402
0.817068
0.222017
2.063814
0.118028
0.850562
0.767986
0.073200
0.859715
]
[
-0.524032
0.923088
2.850770
2.064745
0.001933
-1.237787
1.910463
-1.148938
-0.058842
0.291506
]
[
-0.563119
]
